# Irony Installed Mods bulk-selection filters for Steam collection 2473560875
# Date checked: 2026-07-04
# Use these in Irony's Installed Mods filter box. After each chunk filters the visible list,
# click the Selected column header checkbox once to add the visible mods to the active collection.

Chunk 1 of 4:
1353547443 || 1880071041 || 1468105710 || 3153706012 || 2603749338 || 3597087138 || 3691866974 || 1591647610 || 3273853969 || 2831641558 || 2807625132 || 2037107797 || 2980443402 || 3664761724 || 3087170862 || 3270323945 || 3248358945 || 689601294 || 3403640910 || 3406499352 || 3425072893 || 3425057306 || 3441138115 || 3455445703 || 3657310962 || 3658957565 || 3665532588 || 3721963320 || 3484023963 || 2936596940

Chunk 2 of 4:
682691478 || 2811907627 || 3245080043 || 3294143768 || 3285153766 || 2040763291 || 2028165747 || 2824886393 || 2831178263 || 2829069669 || 2822984175 || 2871981062 || 3315764351 || 2825986399 || 3432698915 || 2960574667 || 2864630469 || 2151652085 || 2148259818 || 2972849902 || 3250584386 || 3071707483 || 3524998443 || 3502102519 || 1436141067 || 2160610678 || 687226658 || 2878075116 || 1121692237 || 865040033

Chunk 3 of 4:
819148835 || 3173239930 || 1732447147 || 2284514368 || 3266531829 || 2638108246 || 2648658105 || 683230077 || 3250900527 || 2653789292 || 2653699311 || 2663957444 || 2769917594 || 3494095006 || 3488219526 || 3526218540 || 3503278878 || 2936292863 || 727000451 || 3723865830 || 3728581560 || 3706385523 || 2273568769 || 3354855440 || 1286356239 || 3270451562 || 3072726361 || 2816035124 || 3674156622 || 2592505015

Chunk 4 of 4:
2815767345 || 3496531985 || 2907769573 || 3243319558 || 2762664736 || 3464267804 || 2939375682 || 3496262792 || 3657108661 || 1623423360 || 3339549399 || 2976235256 || 2978032655 || 3002188516 || 1623423504 || 1628912584 || 3090328185 || 3647490194 || 3724178181 || 3536044971 || 3657869155 || 3610149307 || 3696204283 || 3703611846 || 3726506420 || 1595876588

All-in-one filter, if Irony's filter box accepts it:
1353547443 || 1880071041 || 1468105710 || 3153706012 || 2603749338 || 3597087138 || 3691866974 || 1591647610 || 3273853969 || 2831641558 || 2807625132 || 2037107797 || 2980443402 || 3664761724 || 3087170862 || 3270323945 || 3248358945 || 689601294 || 3403640910 || 3406499352 || 3425072893 || 3425057306 || 3441138115 || 3455445703 || 3657310962 || 3658957565 || 3665532588 || 3721963320 || 3484023963 || 2936596940 || 682691478 || 2811907627 || 3245080043 || 3294143768 || 3285153766 || 2040763291 || 2028165747 || 2824886393 || 2831178263 || 2829069669 || 2822984175 || 2871981062 || 3315764351 || 2825986399 || 3432698915 || 2960574667 || 2864630469 || 2151652085 || 2148259818 || 2972849902 || 3250584386 || 3071707483 || 3524998443 || 3502102519 || 1436141067 || 2160610678 || 687226658 || 2878075116 || 1121692237 || 865040033 || 819148835 || 3173239930 || 1732447147 || 2284514368 || 3266531829 || 2638108246 || 2648658105 || 683230077 || 3250900527 || 2653789292 || 2653699311 || 2663957444 || 2769917594 || 3494095006 || 3488219526 || 3526218540 || 3503278878 || 2936292863 || 727000451 || 3723865830 || 3728581560 || 3706385523 || 2273568769 || 3354855440 || 1286356239 || 3270451562 || 3072726361 || 2816035124 || 3674156622 || 2592505015 || 2815767345 || 3496531985 || 2907769573 || 3243319558 || 2762664736 || 3464267804 || 2939375682 || 3496262792 || 3657108661 || 1623423360 || 3339549399 || 2976235256 || 2978032655 || 3002188516 || 1623423504 || 1628912584 || 3090328185 || 3647490194 || 3724178181 || 3536044971 || 3657869155 || 3610149307 || 3696204283 || 3703611846 || 3726506420 || 1595876588
